args = mytest.clq
|E| = 47859 |V| = 400 p = 0.599737
 Vertices: [(326,1) (347,1) (166,1) (346,1) (109,2) (183,2) (262,2) (131,2) (189,2) (224,2) (100,3) (366,3) (82,3) (37,3) (390,3) (124,3) (27,3) (398,4) (125,4) (368,4) (375,4) (337,4) (138,5) (159,5) (23,5) (162,5) (13,5) (215,5) (241,6) (54,6) (311,6) (314,6) (301,6) (219,6) (93,7) (107,7) (21,7) (277,7) (280,7) (359,8) (315,8) (292,8) (26,8) (92,8) (36,9) (265,9) (170,9) (45,9) (193,9) (343,10) (30,10) (235,10) (335,10) (266,10) (60,10) (61,10) (389,11) (225,11) (298,11) (338,11) (197,11) (330,12) (114,12) (288,12) (227,12) (334,12) (160,13) (127,13) (228,13) (355,13) (80,13) (282,14) (192,14) (119,14) (53,14) (220,14) (310,15) (140,15) (356,15) (387,15) (155,15) (319,15) (142,15) (112,16) (202,16) (395,16) (214,16) (239,16) (55,16) (270,17) (47,17) (9,17) (396,17) (327,17) (364,17) (181,18) (187,18) (17,18) (303,18) (74,18) (354,18) (323,19) (317,19) (122,19) (154,19) (149,19) (344,19) (350,20) (392,20) (271,20) (293,20) (177,20) (243,21) (173,21) (129,21) (328,21) (164,21) (247,21) (130,21) (8,22) (391,22) (352,22) (188,22) (108,22) (222,23) (385,23) (182,23) (68,23) (252,23) (150,23) (29,24) (218,24) (186,24) (75,24) (86,24) (357,24) (191,25) (331,25) (316,25) (169,25) (232,25) (373,25) (264,26) (95,26) (51,26) (299,26) (308,26) (42,27) (81,27) (178,27) (110,27) (226,28) (376,28) (254,28) (349,28) (104,28) (223,28) (259,29) (388,29) (281,29) (255,29) (34,30) (167,30) (229,30) (333,30) (353,31) (234,31) (374,31) (256,31) (212,31) (102,32) (369,32) (198,32) (126,32) (135,32) (245,33) (324,33) (87,33) (132,33) (148,33) (144,34) (12,34) (348,34) (133,34) (76,35) (56,35) (111,35) (67,35) (339,35) (99,36) (35,36) (367,36) (63,36) (336,36) (268,37) (340,37) (342,37) (196,37) (283,38) (305,38) (123,38) (59,38) (261,38) (24,39) (10,39) (230,40) (156,40) (358,41) (263,42) ]
step = 12 current max. clique size = 13
step = 577 current max. clique size = 14
step = 5617 current max. clique size = 15
step = 371837 current max. clique size = 16
Maximum clique: 5 34 52 77 119 141 177 178 192 243 259 264 287 289 379 385 
Size = 16
Number of steps = 2087626
Time = 5
Time (precise) = 4.28

