args = mytest.clq
|E| = 47859 |V| = 400 p = 0.599737
 Vertices: [(326,0) (347,0) (166,0) (346,0) (109,1) (183,1) (262,1) (131,1) (189,1) (224,1) (100,2) (366,2) (82,2) (37,2) (390,2) (124,2) (27,2) (398,3) (125,3) (368,3) (375,3) (337,3) (138,4) (159,4) (23,4) (162,4) (13,4) (215,4) (241,5) (54,5) (311,5) (314,5) (301,5) (219,5) (93,6) (107,6) (21,6) (277,6) (280,6) (359,7) (315,7) (292,7) (26,7) (92,7) (36,8) (265,8) (170,8) (45,8) (193,8) (343,9) (30,9) (235,9) (335,9) (266,9) (60,9) (61,9) (389,10) (225,10) (298,10) (338,10) (197,10) (330,11) (114,11) (288,11) (227,11) (334,11) (160,12) (127,12) (228,12) (355,12) (80,12) (282,13) (192,13) (119,13) (53,13) (220,13) (310,14) (140,14) (356,14) (387,14) (155,14) (319,14) (142,14) (112,15) (202,15) (395,15) (214,15) (239,15) (55,15) (270,16) (47,16) (9,16) (396,16) (327,16) (364,16) (181,17) (187,17) (17,17) (303,17) (74,17) (354,17) (323,18) (317,18) (122,18) (154,18) (149,18) (344,18) (350,19) (392,19) (271,19) (293,19) (177,19) (243,20) (173,20) (129,20) (328,20) (164,20) (247,20) (130,20) (8,21) (391,21) (352,21) (188,21) (108,21) (222,22) (385,22) (182,22) (68,22) (252,22) (150,22) (29,23) (218,23) (186,23) (75,23) (86,23) (357,23) (191,24) (331,24) (316,24) (169,24) (232,24) (373,24) (264,25) (95,25) (51,25) (299,25) (308,25) (42,26) (81,26) (178,26) (110,26) (226,27) (376,27) (254,27) (349,27) (104,27) (223,27) (259,28) (388,28) (281,28) (255,28) (34,29) (167,29) (229,29) (333,29) (353,30) (234,30) (374,30) (256,30) (212,30) (102,31) (369,31) (198,31) (126,31) (135,31) (245,32) (324,32) (87,32) (132,32) (148,32) (144,33) (12,33) (348,33) (133,33) (76,34) (56,34) (111,34) (67,34) (339,34) (99,35) (35,35) (367,35) (63,35) (336,35) (268,36) (340,36) (342,36) (196,36) (283,37) (305,37) (123,37) (59,37) (261,37) (24,38) (10,38) (230,39) (156,39) (358,40) (263,41) ]
step = 12 current max. clique size = 13
step = 577 current max. clique size = 14
step = 5617 current max. clique size = 15
step = 371837 current max. clique size = 16
Maximum clique: 5 34 52 77 119 141 177 178 192 243 259 264 287 289 379 385 
Size = 16
Number of steps = 2087627
Time = 4
Time (precise) = 4.4

